 0.4682973  0.1659554 0.00
 0.3763287  0.3902994 1.00
 0.0654566  0.9086213 1.00
 0.9688041  0.5431856 1.00
 0.9913656  0.5727242 1.00
 0.5189653  0.3690096 1.00
 0.8147365  0.1682785 0.00
 0.9439841  0.2579301 0.00
 0.2796397  0.2939915 1.00
 0.1144395  0.5022802 0.00
 0.4857077  0.5643626 1.00
 0.3616897  0.3620025 0.00
 0.8613207  0.9450977 0.00
 0.1649722  0.2833520 1.00
 0.2538668  0.6365254 1.00
 0.5373599  0.2738683 0.00
 0.0784150  0.2287738 0.00
 0.2635830  0.3275138 1.00
 0.6257336  0.8511784 0.00
 0.1168391  0.5401883 1.00
 0.5837688  0.5968297 0.00
 0.8961280  0.1931125 0.00
 0.4776178  0.0750586 0.00
 0.3108455  0.6631756 0.00
 0.7528208  0.9896826 1.00
 0.9962992  0.1181503 0.00
 0.6142748  0.1738403 0.00
 0.5412180  0.9587309 0.00
 0.4229499  0.8521495 1.00
 0.1866178  0.4566018 0.00
 0.5073790  0.5409508 0.00
 0.4665690  0.9197895 0.00
 0.8650661  0.3966551 0.00
 0.7088647  0.5879709 0.00
 0.6279843  0.7167181 1.00
 0.0899756  0.0689226 1.00
 0.1670560  0.4773144 0.00
 0.5349128  0.4997065 0.00
 0.4015157  0.9278525 1.00
 0.5255200  0.6854451 1.00
 0.0609463  0.0820494 0.00
 0.5997170  0.6244100 1.00
 0.6011216  0.1507781 0.00
 0.4748030  0.4200226 0.00
 0.1814867  0.5391700 0.00
 0.7788914  0.8867983 1.00
 0.7741204  0.6085237 1.00
 0.2801692  0.7539066 0.00
 0.5114708  0.1387106 0.00
 0.2323889  0.5315742 0.00
 0.1846148  0.8680967 1.00
 0.8092739  0.0814371 0.00
 0.1399337  0.6342823 1.00
 0.1946932  0.0882958 0.00
 0.9609835  0.4649147 0.00
 0.5747685  0.8114976 1.00
 0.5023367  0.1137819 0.00
 0.9468818  0.7887778 0.00
 0.1081940  0.6370513 0.00
 0.8802176  0.8757091 0.00
 0.8894392  0.6124736 0.00
 0.2303389  0.4283328 0.00
 0.2142472  0.6587115 0.00
 0.6060739  0.4584680 1.00
 0.1674466  0.0930475 0.00
 0.1854021  0.6722384 1.00
 0.3732170  0.9965379 1.00
 0.3801290  0.4779350 0.00
 0.0619976  0.5720052 1.00
 0.6608048  0.5925100 0.00
 0.5303961  0.2385847 1.00
 0.9638057  0.6860657 0.00
 0.2087538  0.1598352 0.00
 0.8690387  0.7524914 1.00
 0.6633687  0.1657333 0.00
 0.7374746  0.1358863 0.00
 0.3334895  0.7300873 1.00
 0.4623549  0.2160860 0.00
 0.1244629  0.1322081 1.00
 0.8590996  0.6485695 0.00
 0.4776878  0.1922301 0.00
 0.6561426  0.2550063 0.00
 0.7515743  0.8615891 1.00
 0.2834382  0.4289477 1.00
 0.5567713  0.1049300 0.00
 0.3749097  0.2267626 0.00
 0.7337860  0.3249935 1.00
 0.0241219  0.9111702 1.00
 0.0167627  0.6279433 1.00
 0.7898389  0.1978953 1.00
 0.0249670  0.3413927 1.00
 0.9066814  0.8735788 0.00
 0.8345361  0.8645231 0.00
 0.6918414  0.4161275 0.00
 0.9078279  0.2169450 0.00
 0.3745353  0.5318109 1.00
 0.4107763  0.1769269 1.00
 0.0432990  0.8857290 0.00
 0.0274818  0.2563502 1.00
 0.8765997  0.1492524 0.00
 0.0234244  0.0322955 0.00
 0.6867350  0.2461111 1.00
 0.6438490  0.5655375 1.00
 0.3941209  0.8286880 1.00
 0.4472108  0.8314995 0.00
 0.3974598  0.0279064 1.00
 0.4695919  0.3939888 0.00
 0.0488075  0.4929693 1.00
 0.3416393  0.5495154 1.00
 0.1215916  0.0649925 0.00
 0.0205562  0.6658826 1.00
 0.5273913  0.6109539 0.00
 0.5890424  0.3534035 1.00
 0.7813538  0.4354841 1.00
 0.2627861  0.1673154 1.00
 0.8242669  0.2450940 1.00
 0.6819577  0.7676595 0.00
 0.5597940  0.0385555 0.00
 0.9782276  0.2129987 1.00
 0.7814745  0.0036102 0.00
 0.4631303  0.5070828 1.00
 0.7916458  0.1332002 1.00
 0.7229010  0.8477019 0.00
 0.9692253  0.0276748 0.00
 0.1152162  0.0962074 1.00
 0.8558600  0.1930894 0.00
 0.5393074  0.7674859 0.00
 0.1461840  0.9064566 0.00
 0.9594410  0.1872679 0.00
 0.7980048  0.6805472 1.00
 0.0576307  0.8270902 0.00
 0.2499948  0.9663475 0.00
 0.3946196  0.8667239 0.00
 0.6160577  0.3702911 0.00
 0.8928562  0.9405671 1.00
 0.3941202  0.4229339 1.00
 0.7311508  0.1616716 0.00
 0.9931939  0.3221049 1.00
 0.4288734  0.6833360 0.00
 0.6506402  0.9310718 0.00
 0.8953116  0.9767992 0.00
 0.8301835  0.6619439 1.00
 0.1641560  0.9638297 1.00
 0.1807589  0.3797917 1.00
 0.5952340  0.0121034 1.00
 0.7746182  0.2749578 0.00
 0.2352723  0.0158810 1.00
 0.3822326  0.8960766 1.00
 0.3198011  0.4212478 1.00
 0.4797097  0.1362103 1.00
 0.1450673  0.1073416 0.00
 0.7563941  0.2142295 1.00
 0.0929278  0.1367420 0.00
 0.8894226  0.8452085 1.00
 0.1023623  0.7993440 0.00
 0.7958358  0.2909166 0.00
 0.8738378  0.3394477 1.00
 0.4425862  0.6050707 0.00
 0.5948023  0.5477330 0.00
 0.3901726  0.3218176 1.00
 0.7827818  0.8551774 0.00
 0.5595888  0.2593511 0.00
 0.6246839  0.9254911 0.00
 0.8254899  0.3947614 0.00
 0.4629791  0.6790001 1.00
 0.8879651  0.3050680 1.00
 0.5085859  0.0825415 1.00
 0.6435218  0.9714208 0.00
 0.5698210  0.5387438 0.00
 0.7334196  0.6945744 0.00
 0.5524065  0.5912243 1.00
 0.7480446  0.7894118 0.00
 0.4469631  0.9866080 1.00
 0.9330285  0.7661292 0.00
 0.1370773  0.7832209 1.00
 0.9969154  0.0308313 0.00
 0.7196684  0.7749272 1.00
 0.5451726  0.1346031 1.00
 0.1569165  0.3197241 1.00
 0.8346665  0.0235090 0.00
 0.7637216  0.7402976 0.00
 0.4230839  0.9581240 1.00
 0.2730278  0.7228579 1.00
 0.3350678  0.7990889 0.00
 0.5265544  0.1667731 1.00
 0.6726629  0.4422757 1.00
 0.7600194  0.5721873 1.00
 0.2179497  0.4623746 1.00
 0.4931045  0.8909182 1.00
 0.4228852  0.8119056 0.00
 0.2306682  0.3447812 1.00
 0.8039374  0.4658888 1.00
 0.7953258  0.7443215 1.00
 0.3736426  0.6061279 1.00
 0.2838352  0.1366807 1.00
 0.4491376  0.0893377 1.00
 0.2353287  0.1422627 1.00
 0.1622118  0.2512072 0.00
 0.3666733  0.4523677 0.00
 0.3115099  0.5365419 0.00
 0.2438563  0.0520454 1.00
 0.5842595  0.7160405 0.00
 0.9450635  0.0166562 0.00
 0.1916480  0.0619216 0.00
 0.9380709  0.6795392 0.00
 0.5729931  0.9615476 0.00
 0.2196267  0.3092898 1.00
 0.7059766  0.9872396 1.00
 0.6253857  0.9520313 0.00
 0.3578715  0.1665796 0.00
 0.4982654  0.7296139 0.00
 0.0156205  0.1434823 1.00
 0.0221982  0.1123093 0.00
 0.8817757  0.2491195 0.00
 0.1045158  0.3370846 0.00
 0.7176341  0.3744840 0.00
 0.7533124  0.2512707 1.00
 0.8264787  0.2821974 1.00
 0.7015028  0.7424995 1.00
 0.9531481  0.9488945 0.00
 0.3113371  0.0720356 0.00
 0.0032751  0.2356366 0.00
 0.5683546  0.6188046 0.00
 0.6354078  0.8208233 1.00
 0.9558615  0.8823640 1.00
 0.1944843  0.5707303 1.00
 0.9658059  0.0863326 0.00
 0.2143043  0.6856428 0.00
 0.9308614  0.8626153 0.00
 0.9798584  0.0577399 1.00
 0.1625124  0.3510989 0.00
 0.0468286  0.2246130 1.00
 0.2413739  0.3803752 1.00
 0.5326573  0.3204077 0.00
 0.7820762  0.9770676 0.00
 0.6166924  0.1144899 1.00
 0.3250481  0.2470422 1.00
 0.3696564  0.9278269 0.00
 0.8649245  0.6226669 0.00
 0.6056591  0.4265410 0.00
 0.2652911  0.3593273 0.00
 0.4821316  0.6535404 0.00
 0.9197736  0.7891331 0.00
 0.1893514  0.7404671 0.00
 0.8108451  0.9907558 1.00
 0.1761477  0.0403667 0.00
 0.0730024  0.3967701 1.00
 0.0553761  0.0223019 0.00
 0.0415510  0.7095654 0.00
 0.9827460  0.7948147 1.00
 0.9846209  0.6092763 1.00
 0.0760236  0.0389937 0.00
 0.6909409  0.0212319 1.00
 0.0028231  0.0869661 1.00
 0.1811135  0.1853749 0.00
 0.1273341  0.8191286 1.00
 0.3612052  0.3354575 0.00
 0.7482274  0.4955213 0.00
 0.6328561  0.1479607 1.00
 0.3960324  0.7968861 0.00
 0.9243412  0.5925480 0.00
 0.0191202  0.2954707 1.00
 0.5333146  0.3974545 0.00
 0.1561189  0.4473912 1.00
 0.5259954  0.4284616 1.00
 0.4999400  0.6271231 1.00
 0.6249082  0.6796764 1.00
 0.1981304  0.0173064 1.00
 0.3373224  0.0665917 0.00
 0.3042928  0.4771188 0.00
 0.6063956  0.8076585 0.00
 0.5440238  0.8031439 0.00
 0.6641993  0.6613950 1.00
 0.1098961  0.3922526 1.00
 0.6526377  0.8682425 1.00
 0.7589967  0.1771515 1.00
 0.3908172  0.0921345 1.00
 0.4099786  0.7445515 1.00
 0.6551900  0.7893557 1.00
 0.2281382  0.9065096 0.00
 0.0170422  0.7299206 1.00
 0.1081350  0.9479951 0.00
 0.5039839  0.5092729 1.00
 0.0892578  0.9790239 1.00
 0.2919963  0.9737350 0.00
 0.3316630  0.5192583 0.00
 0.9568566  0.8133822 0.00
 0.2468374  0.8424530 1.00
 0.5102001  0.9660044 1.00
 0.4824366  0.4454509 0.00
 0.8395443  0.8058172 1.00
 0.0483981  0.9684196 1.00
 0.8172170  0.8385527 0.00
 0.4963078  0.9312185 1.00
 0.0953615  0.4264622 1.00
 0.5526625  0.8743782 0.00
 0.4256557  0.0522000 0.00
 0.5005974  0.4013232 1.00
 0.6945624  0.1722116 1.00
 0.4897512  0.7919861 1.00
 0.7269134  0.6633864 1.00
 0.9533960  0.9836515 1.00
 0.7388653  0.5259743 1.00
 0.4359617  0.2189619 0.00
 0.0681002  0.7094585 0.00
 0.9634566  0.9187490 1.00
 0.3652986  0.6368751 0.00
 0.7175586  0.2668826 1.00
 0.8846791  0.5586352 1.00
 0.9246211  0.3756270 1.00
 0.5315663  0.0533276 1.00
 0.2832368  0.5862443 0.00
 0.7262768  0.9172572 1.00
 0.4475814  0.5736054 1.00
 0.5113668  0.2967068 1.00
 0.4613716  0.8937538 0.00
 0.4535165  0.8002704 1.00
 0.1892006  0.7670161 0.00
 0.2731443  0.6108781 0.00
 0.8103318  0.5294641 1.00
 0.8629016  0.2747863 1.00
 0.5056107  0.5957725 0.00
 0.5960626  0.9395745 1.00
 0.6915851  0.5163853 0.00
 0.1322420  0.7016571 1.00
 0.5748762  0.4649267 0.00
 0.2142840  0.7583156 0.00
 0.0786136  0.1652046 1.00
 0.0696792  0.2024125 0.00
 0.8985391  0.1261509 1.00
 0.4989826  0.7030741 0.00
 0.1976843  0.8971519 0.00
 0.6911488  0.7987639 1.00
 0.5338377  0.7406647 0.00
 0.4008763  0.1223641 0.00
 0.6386522  0.5116077 1.00
 0.3724805  0.8520701 0.00
 0.2294478  0.8090496 1.00
 0.2115622  0.4025745 1.00
 0.3859931  0.2599694 1.00
 0.0215520  0.1747846 0.00
 0.3248286  0.6918023 1.00
 0.5227000  0.5688844 1.00
 0.5633750  0.0122487 0.00
 0.0535312  0.3715524 0.00
 0.5816915  0.4379615 0.00
 0.4658664  0.7709022 0.00
 0.7072569  0.8262511 0.00
 0.8106575  0.6016981 1.00
 0.2003338  0.1346564 0.00
 0.0164364  0.5951694 0.00
 0.5216648  0.7170703 0.00
 0.9748442  0.2500136 1.00
 0.6403317  0.1789306 0.00
 0.1331200  0.2641950 1.00
 0.0313083  0.0014271 1.00
 0.0049757  0.4625952 0.00
 0.1890379  0.8089933 1.00
 0.4740007  0.5997506 1.00
 0.1606455  0.8396886 1.00
 0.0628330  0.9968212 0.00
 0.5447803  0.6310162 0.00
 0.9696144  0.6373801 0.00
 0.1157095  0.6060911 1.00
 0.1655080  0.0665659 0.00
 0.2066727  0.9221335 0.00
 0.1017174  0.9167888 1.00
 0.7148921  0.7135903 0.00
 0.4570468  0.3054754 0.00
 0.4568616  0.3373342 1.00
 0.6675367  0.9923564 1.00
 0.8444369  0.4133677 0.00
 0.1474483  0.6033218 0.00
 0.3041486  0.7160377 0.00
 0.1077679  0.0362885 1.00
 0.1615548  0.1346029 1.00
 0.0326399  0.4655170 0.00
 0.2765357  0.3924250 1.00
 0.7773864  0.9509357 0.00
 0.8681878  0.9194518 0.00
 0.5278358  0.9358008 0.00
 0.8760040  0.1757951 0.00
 0.2704105  0.2036942 1.00
 0.4315149  0.5460939 0.00
 0.3412697  0.5877895 1.00
 0.6883429  0.7134851 0.00
 0.9576682  0.3111745 1.00
 0.2111609  0.3702663 0.00
 0.7031840  0.3460901 1.00
 0.5404109  0.0840205 0.00
 0.7605308  0.1127908 1.00
 0.8408413  0.4703216 1.00
 0.2212574  0.2774723 0.00
 0.9438552  0.0485029 1.00
 0.0530081  0.7393016 1.00
 0.5769915  0.5709612 0.00
 0.9169866  0.7136420 1.00
 0.1782791  0.9923876 0.00
 0.4457856  0.3728148 1.00
 0.3207912  0.9105142 1.00
 0.5703424  0.9026954 0.00
 0.8437414  0.8373989 0.00
 0.3683166  0.0592177 1.00
 0.5889735  0.3905726 1.00
 0.9596349  0.2793760 0.00
 0.7944014  0.6431719 1.00
 0.8470661  0.1624678 1.00
 0.0030174  0.3941304 1.00
 0.2091994  0.8402193 1.00
 0.6650583  0.1922289 0.00
 0.7278969  0.0172571 1.00
 0.7750604  0.0423832 0.00
 0.6638034  0.6242279 1.00
 0.3569073  0.2469682 0.00
 0.0375401  0.4079046 1.00
 0.1603145  0.7535771 1.00
 0.2867215  0.5460502 0.00
 0.8183212  0.4316155 1.00
 0.9154930  0.6175796 0.00
 0.4460210  0.1887323 1.00
 0.0153103  0.8266845 1.00
 0.0405281  0.8539904 1.00
 0.9049322  0.4006786 0.00
 0.5083831  0.7598240 1.00
 0.9612082  0.3821794 1.00
 0.8556935  0.7168642 1.00
 0.1822227  0.1588486 0.00
 0.3095916  0.5683434 1.00
 0.1264010  0.7383645 1.00
 0.4163705  0.1439234 0.00
 0.4574633  0.0503845 1.00
 0.2973372  0.3616216 1.00
 0.9218241  0.5607883 1.00
 0.4471434  0.7451249 1.00
 0.7287320  0.1108176 0.00
 0.7085659  0.9501607 1.00
 0.8173284  0.2139994 0.00
 0.3083818  0.3915053 0.00
 0.7444802  0.4401619 1.00
 0.3656034  0.0274741 0.00
 0.0467813  0.1665169 0.00
 0.8603081  0.8581454 0.00
 0.0164326  0.4865454 0.00
 0.0996267  0.3109892 0.00
 0.5192544  0.9091172 0.00
 0.7968509  0.5671883 1.00
 0.1247458  0.4417363 0.00
 0.0402467  0.8068473 0.00
 0.3956953  0.3585742 1.00
 0.1517430  0.9932288 0.00
 0.9356904  0.5263024 1.00
 0.9060591  0.7491686 1.00
 0.9277452  0.6469888 1.00
 0.9763952  0.1430269 1.00
 0.6833598  0.8473211 1.00
 0.6866829  0.8790066 0.00
 0.3424981  0.0405516 0.00
 0.0878785  0.5905847 0.00
 0.4820507  0.3646665 1.00
 0.5647620  0.7483266 1.00
 0.5377847  0.5314371 1.00
 0.7677350  0.8072209 0.00
 0.5659013  0.5071265 1.00
 0.9472234  0.6147160 1.00
 0.6371510  0.2735586 0.00
 0.9217210  0.3206271 1.00
 0.1107549  0.2868845 0.00
 0.8080082  0.8634539 0.00
 0.0091871  0.9784997 0.00
 0.2221642  0.6333694 0.00
 0.9204954  0.8381731 0.00
 0.6712433  0.9553725 1.00
 0.6961890  0.6424686 1.00
 0.6672517  0.8198338 0.00
 0.7745316  0.3146052 1.00
 0.5169382  0.4801662 0.00
 0.7705423  0.0769257 1.00
 0.5610274  0.7827539 0.00
 0.8947497  0.2739394 0.00
 0.1166486  0.8547288 1.00
 0.8499423  0.9955507 1.00
 0.1931248  0.4823430 0.00
 0.7935031  0.3794291 0.00
 0.4946012  0.0481035 1.00
 0.6339798  0.9006223 0.00
 0.3878817  0.6927215 1.00
 0.3569622  0.4220245 1.00
 0.7595606  0.0208273 0.00
 0.9646619  0.7623414 1.00
 0.8749631  0.6720258 0.00
 0.6167257  0.4884939 0.00
 0.9911729  0.8939680 1.00
 0.6737391  0.0999806 1.00
 0.8215688  0.4988368 0.00
 0.9251337  0.2836149 1.00
 0.2081746  0.1863783 0.00
 0.0798633  0.1076846 1.00
 0.8152587  0.8944772 1.00
 0.4193663  0.0779937 0.00
 0.7456090  0.9532198 1.00
 0.9364911  0.7397395 0.00
 0.2654629  0.9941998 1.00
 0.3106410  0.0401839 1.00
 0.5354030  0.8542045 0.00
 0.5520271  0.4784468 0.00
 0.6212184  0.8773410 0.00
 0.5979593  0.2243933 0.00
 0.1689900  0.7842325 0.00
 0.4045614  0.2135729 1.00
 0.3553733  0.9701445 0.00
 0.0906603  0.8813023 1.00
 0.2569983  0.5821935 0.00
 0.9575615  0.8452337 1.00
 0.8982874  0.5874420 0.00
 0.7773172  0.7768368 1.00
 0.1654202  0.5837801 0.00
 0.5660730  0.2281586 1.00
 0.0462795  0.9340624 0.00
 0.6443320  0.4725908 1.00
 0.8840485  0.0103261 1.00
 0.9071724  0.3489706 0.00
 0.1156521  0.1683180 1.00
 0.3041847  0.7425871 0.00
 0.7465862  0.2900979 1.00
 0.4391068  0.1576323 0.00
 0.5439895  0.8994710 0.00
 0.8519289  0.6852281 0.00
 0.9863941  0.0007594 1.00
 0.0083500  0.4309151 1.00
 0.3253787  0.8238072 0.00
 0.5455608  0.8296488 0.00
 0.7373087  0.3566575 0.00
 0.9237657  0.9612107 1.00
 0.7227746  0.2300812 1.00
 0.2981033  0.1789020 1.00
 0.9516841  0.4400472 0.00
 0.9279761  0.1922656 1.00
 0.4340962  0.0214790 1.00
 0.7261142  0.6315371 0.00
 0.5566788  0.6788010 0.00
 0.0504622  0.6436243 1.00
 0.4126165  0.7128015 0.00
 0.8662087  0.8232535 0.00
 0.8936986  0.0406887 0.00
 0.3564218  0.6876929 0.00
 0.6987932  0.5419376 0.00
 0.9482663  0.7075925 0.00
 0.8957733  0.9035126 1.00
 0.0520927  0.3126276 1.00
 0.0116799  0.0561754 0.00
 0.5649727  0.3250804 1.00
 0.0165530  0.7948494 0.00
 0.1718023  0.5088182 1.00
 0.9814990  0.4480628 0.00
 0.8220391  0.1427532 0.00
 0.1937738  0.2555499 1.00
 0.9881659  0.6755087 0.00
 0.7991893  0.8122845 1.00
 0.8189503  0.7112529 1.00
 0.4107969  0.6071816 1.00
 0.2737356  0.9544628 0.00
 0.6359649  0.4363755 1.00
 0.9057050  0.5020467 1.00
 0.7872364  0.2349732 1.00
 0.9062460  0.6780584 1.00
 0.8491925  0.4394881 0.00
 0.4829787  0.3111682 0.00
 0.5136758  0.6558693 0.00
 0.0705827  0.7970919 1.00
 0.4734379  0.9605190 1.00
 0.5217060  0.7887638 0.00
 0.1349971  0.5739943 1.00
 0.3369836  0.4639235 1.00
 0.2316148  0.1739055 0.00
 0.5234924  0.2074823 0.00
 0.4387262  0.7079895 0.00
 0.3511335  0.8757200 1.00
 0.0466634  0.6058639 1.00
 0.2906415  0.8956293 0.00
 0.2111188  0.2288193 0.00
 0.6949237  0.6823129 1.00
 0.6264086  0.2435649 1.00
 0.1443757  0.0427238 1.00
 0.0900763  0.8287391 1.00
 0.0631255  0.4272897 0.00
 0.7402899  0.0869160 0.00
 0.5595407  0.9326677 1.00
 0.7694177  0.4002836 1.00
 0.1011748  0.4631740 1.00
 0.2253401  0.2512387 0.00
 0.0958941  0.6938857 1.00
 0.6214287  0.3442897 0.00
 0.2531851  0.4505418 1.00
 0.7134496  0.4007016 0.00
 0.1368119  0.3444389 0.00
 0.5123841  0.2648637 0.00
 0.0715430  0.7652145 0.00
 0.0972447  0.2544732 1.00
 0.4879877  0.9888618 0.00
 0.7185412  0.8792615 1.00
 0.5522038  0.1936739 1.00
 0.1937978  0.2086983 0.00
 0.6242894  0.2064562 1.00
 0.6919643  0.2092899 1.00
 0.2866645  0.2408205 0.00
 0.8656784  0.4979743 1.00
 0.1571928  0.8080169 0.00
 0.2450600  0.6059075 0.00
 0.5708221  0.1615039 1.00
 0.8677136  0.7909340 0.00
 0.8024253  0.9600151 0.00
 0.5812942  0.1258404 1.00
 0.9935691  0.8568761 1.00
 0.9434322  0.2260689 1.00
 0.7387251  0.4088267 0.00
 0.3007175  0.3246065 1.00
 0.8979434  0.4506003 0.00
 0.6024176  0.3187242 1.00
 0.2162199  0.0719763 0.00
 0.1634701  0.6953469 0.00
 0.9038949  0.0947450 0.00
 0.3457889  0.2228589 0.00
 0.3251753  0.4935137 0.00
 0.4208245  0.2469954 1.00
 0.7429104  0.3826092 0.00
 0.1777109  0.6132812 1.00
 0.7121862  0.0449733 0.00
 0.5815730  0.8786382 0.00
 0.8522644  0.8909942 1.00
 0.3590510  0.0896999 0.00
 0.1304676  0.2024068 1.00
 0.8829972  0.0706970 1.00
 0.6858780  0.6012556 0.00
 0.5528645  0.7106210 1.00
 0.7489409  0.7623522 0.00
 0.7884037  0.1648941 0.00
 0.5382019  0.9904472 1.00
 0.8009384  0.4049161 0.00
 0.6879114  0.0656070 1.00
 0.4947933  0.1642728 0.00
 0.6861178  0.3791460 1.00
 0.9255702  0.8922359 0.00
 0.6313544  0.0008651 1.00
 0.8063837  0.3152808 0.00
 0.1962594  0.6391843 0.00
 0.7670886  0.8337625 0.00
 0.2126416  0.0456691 0.00
 0.3670195  0.7506036 1.00
 0.7442840  0.0506189 1.00
 0.4267972  0.3154782 1.00
 0.0652296  0.2578603 0.00
 0.2055252  0.9539722 1.00
 0.0265637  0.5607809 1.00
 0.6018276  0.5166579 1.00
 0.2685770  0.6913110 0.00
 0.3851051  0.1500464 1.00
 0.1381396  0.9372836 1.00
 0.8474895  0.5303890 1.00
 0.3381937  0.0089844 1.00
 0.1527314  0.1709017 1.00
 0.8759799  0.2177918 1.00
 0.0474922  0.0531703 1.00
 0.0178376  0.6976257 0.00
 0.5388021  0.0223008 0.00
 0.9406807  0.4894669 1.00
 0.5902457  0.4865750 0.00
 0.5475093  0.2984011 0.00
 0.6083538  0.5765666 1.00
 0.9136238  0.2482726 1.00
 0.2384405  0.9366572 1.00
 0.9179701  0.0299293 0.00
 0.0540497  0.5356957 1.00
 0.8504574  0.3683425 1.00
 0.0270320  0.3731850 0.00
 0.4708126  0.0156953 1.00
 0.5880411  0.6844064 1.00
 0.2310033  0.5637741 1.00
 0.8144538  0.7783943 1.00
 0.2092771  0.7843887 0.00
 0.1240797  0.2336452 0.00
 0.5893730  0.1937128 1.00
 0.9485891  0.3472178 1.00
 0.6650526  0.7352239 1.00
 0.1849730  0.1130018 0.00
 0.9903983  0.3591688 1.00
 0.3238411  0.9746981 1.00
 0.0557063  0.1359333 1.00
 0.2363911  0.7086655 1.00
 0.9303075  0.8135034 0.00
 0.8695592  0.9703376 0.00
 0.6022032  0.9029160 1.00
 0.5713532  0.6505225 1.00
 0.9423746  0.1579986 1.00
 0.1431366  0.0808625 0.00
 0.2433115  0.7451848 1.00
 0.8324624  0.7458791 1.00
 0.3914890  0.6325237 0.00
 0.3609069  0.7138608 0.00
 0.2333101  0.2059544 1.00
 0.3069353  0.8429047 0.00
 0.4102170  0.9929951 1.00
 0.2042891  0.4335926 0.00
 0.5912183  0.2555313 1.00
 0.6613575  0.4068675 1.00
 0.6603031  0.6983594 1.00
 0.3572367  0.8240943 1.00
 0.9945602  0.9256467 0.00
 0.2563778  0.1116280 1.00
 0.7463645  0.7177557 0.00
 0.4205326  0.1045175 0.00
 0.8492645  0.0863063 1.00
 0.3276838  0.1563954 1.00
 0.7047225  0.4610834 1.00
 0.3079444  0.4508186 0.00
 0.8695570  0.4565221 0.00
 0.7384549  0.8197936 1.00
 0.4056816  0.5385166 0.00
 0.4258738  0.6352477 0.00
 0.4243331  0.4445841 1.00
 0.4256874  0.3475027 0.00
 0.3724052  0.1949308 1.00
 0.0834891  0.0135155 0.00
 0.4379051  0.2800076 1.00
 0.6008185  0.8603493 0.00
 0.2655125  0.4872077 1.00
 0.4063605  0.2844756 0.00
 0.1209573  0.6662423 1.00
 0.4348487  0.9114069 1.00
 0.3012563  0.0042189 1.00
 0.0765137  0.9441078 1.00
 0.9191465  0.9980917 1.00
 0.2343884  0.7757690 0.00
 0.6976073  0.9032780 0.00
 0.1538371  0.6651757 0.00
 0.0410670  0.7745005 1.00
 0.4948421  0.6768496 0.00
 0.9054992  0.1626626 1.00
 0.6784388  0.4873648 1.00
 0.4788929  0.7477681 0.00
 0.6186283  0.0739709 1.00
 0.3733166  0.5689601 1.00
 0.5074453  0.4543636 0.00
 0.7963504  0.0582453 0.00
 0.2833454  0.4608069 0.00
 0.2838518  0.8297888 0.00
 0.3447082  0.6194627 0.00
 0.8461470  0.7746496 0.00
 0.1754387  0.9284143 1.00
 0.1879174  0.3123784 0.00
 0.2606557  0.7719092 0.00
 0.3525128  0.9075546 0.00
 0.7140804  0.4306294 0.00
 0.9144348  0.4714067 0.00
 0.9932602  0.6494526 0.00
 0.1352068  0.4781196 1.00
 0.9898250  0.1776851 1.00
 0.1499375  0.2276247 0.00
 0.0836472  0.3611578 1.00
 0.4001730  0.0596500 0.00
 0.2144266  0.7317432 0.00
 0.9132496  0.0586748 0.00
 0.6478744  0.3719394 1.00
 0.4852184  0.4771885 1.00
 0.0803629  0.6215449 1.00
 0.5563574  0.4459023 0.00
 0.6228000  0.0370365 1.00
 0.6093530  0.2827755 0.00
 0.3744298  0.1200288 0.00
 0.0846096  0.6584707 1.00
 0.8560310  0.2426325 0.00
 0.2742892  0.6653833 0.00
 0.4267284  0.5145962 1.00
 0.8180370  0.3692794 0.00
 0.4579880  0.2476446 1.00
 0.2899274  0.0956288 1.00
 0.8511113  0.3100359 1.00
 0.1437089  0.3768175 1.00
 0.7351223  0.4706159 0.00
 0.8901815  0.7767895 0.00
 0.4696726  0.7155617 1.00
 0.5152123  0.8199543 1.00
 0.1399532  0.5096234 0.00
 0.9834510  0.8266662 0.00
 0.8881923  0.4754323 0.00
 0.4896546  0.2511437 0.00
 0.4065659  0.6605897 1.00
 0.1482470  0.5348442 0.00
 0.8791511  0.5268447 0.00
 0.0788957  0.2867975 1.00
 0.1401696  0.4138179 1.00
 0.3549174  0.1398620 0.00
 0.0475511  0.2810937 0.00
 0.1633302  0.0171163 0.00
 0.7634048  0.9205876 1.00
 0.4576631  0.6331368 1.00
 0.3140055  0.8739696 1.00
 0.2511342  0.4117711 0.00
 0.4134868  0.3912087 1.00
 0.2079021  0.5418343 0.00
 0.3225889  0.6341463 0.00
 0.2634107  0.5243174 1.00
 0.8529746  0.5617726 0.00
 0.7035332  0.1191777 0.00
 0.3337889  0.7672553 1.00
 0.5401944  0.6571666 0.00
 0.3166935  0.2910458 1.00
 0.2477828  0.2943819 0.00
 0.2460178  0.2678912 0.00
 0.7106997  0.1447416 0.00
 0.5406954  0.3457111 0.00
 0.0723636  0.8552207 0.00
 0.0437979  0.1928982 0.00
 0.2396091  0.0845388 0.00
 0.4118833  0.4805202 1.00
 0.3173849  0.1206815 1.00
 0.6246596  0.4009674 1.00
 0.9340087  0.0843441 1.00
 0.7333223  0.7408813 0.00
 0.6475643  0.3396208 0.00
 0.8269215  0.5566633 0.00
 0.7569465  0.6414874 1.00
 0.6027155  0.6561279 0.00
 0.7608951  0.6784463 1.00
 0.3607801  0.3089114 0.00
 0.6422122  0.0953910 0.00
 0.2909957  0.6382557 1.00
 0.2538176  0.2369542 1.00
 0.0181943  0.8770903 0.00
 0.3807273  0.2913906 0.00
 0.1603975  0.7217179 0.00
 0.5042692  0.3348691 1.00
 0.1160566  0.3609945 0.00
 0.8412095  0.6107310 0.00
 0.7472145  0.8931487 0.00
 0.1357090  0.2959489 0.00
 0.8367778  0.9247836 1.00
 0.1923723  0.7087513 1.00
 0.1084722  0.0044370 0.00
 0.6657486  0.9030226 1.00
 0.9865662  0.7392066 0.00
 0.8355235  0.5817808 0.00
 0.5783479  0.2904011 1.00
 0.2986082  0.2648172 0.00
 0.2647737  0.0760762 0.00
 0.4482851  0.4730068 1.00
 0.3424387  0.6590662 1.00
 0.8660755  0.5908137 1.00
 0.0389650  0.4397320 0.00
 0.6863517  0.9273234 0.00
 0.3321120  0.3484967 1.00
 0.3036468  0.9434932 1.00
 0.6566359  0.0731013 0.00
 0.0642243  0.4591481 1.00
 0.8812564  0.6978212 0.00
 0.9875021  0.7073611 1.00
 0.0801183  0.4870829 0.00
 0.2133574  0.6027515 1.00
 0.9614348  0.7306459 0.00
 0.1033203  0.7674991 1.00
 0.7047584  0.3017782 1.00
 0.9047482  0.5338916 0.00
 0.1480280  0.8746507 1.00
 0.8906728  0.6443090 1.00
 0.0213508  0.5180228 1.00
 0.3337932  0.8489888 0.00
 0.2431494  0.6721159 1.00
 0.9660894  0.1128805 0.00
 0.7741063  0.5377904 1.00
 0.8030090  0.0270896 1.00
 0.7669700  0.4697574 1.00
 0.7997722  0.9282665 1.00
 0.8281114  0.0557433 1.00
 0.3860840  0.9616669 1.00
 0.7622388  0.1454576 0.00
 0.6716676  0.3507522 0.00
 0.3057243  0.2152910 1.00
 0.3485540  0.1140861 0.00
 0.8277309  0.3389307 1.00
 0.9990508  0.2707273 0.00
 0.7047450  0.0926559 0.00
 0.2337779  0.4900239 0.00
 0.8434331  0.2192623 0.00
 0.1935109  0.3437429 1.00
 0.0850659  0.5500309 0.00
 0.6242691  0.5400805 0.00
 0.1772196  0.4167921 1.00
 0.7675079  0.3684815 0.00
 0.9098007  0.4267779 0.00
 0.3516415  0.2783893 1.00
 0.3352985  0.1927763 1.00
 0.0477457  0.1050846 0.00
 0.5743271  0.9880635 0.00
 0.0051010  0.7651195 1.00
 0.7163791  0.4963784 1.00
 0.2940146  0.6837083 0.00
 0.6355327  0.7578099 1.00
 0.7990478  0.2645622 0.00
 0.1026611  0.2179571 0.00
 0.5887281  0.0518909 1.00
 0.8779567  0.4257901 1.00
 0.6015208  0.7428186 1.00
 0.2728957  0.9226146 1.00
 0.2969136  0.5082206 1.00
 0.5605004  0.0666630 0.00
 0.1035118  0.5691262 0.00
 0.4762231  0.2800333 1.00
 0.2621692  0.5561525 0.00
 0.4437885  0.4127344 1.00
 0.8213954  0.1109003 1.00
 0.3354331  0.3168110 0.00
 0.4788195  0.8275114 1.00
 0.1208945  0.8913476 0.00
 0.8867893  0.7237975 0.00
 0.2305087  0.9843798 0.00
 0.4439306  0.1261403 1.00
 0.6318137  0.6431543 1.00
 0.7600726  0.3429945 0.00
 0.1622096  0.5574255 0.00
 0.5040811  0.1893556 0.00
 0.9830412  0.2919066 0.00
 0.7915933  0.3476271 1.00
 0.0790332  0.3296343 0.00
 0.0567067  0.3441511 0.00
 0.5282401  0.1076159 0.00
 0.4821676  0.5326288 0.00
 0.4653109  0.8621389 1.00
 0.1250618  0.3202699 0.00
 0.3565032  0.4993088 1.00
 0.8557020  0.1252044 1.00
 0.7375632  0.6018061 1.00
 0.3955821  0.5078934 0.00
 0.8874866  0.3740203 1.00
 0.1709437  0.8968737 0.00
 0.1965878  0.2872847 0.00
 0.9262394  0.4476260 0.00
 0.0949653  0.1925475 0.00
 0.3917543  0.7706836 0.00
 0.2721188  0.2630326 0.00
 0.0868554  0.5182218 1.00
 0.2089530  0.5099923 1.00
 0.4387896  0.8797922 0.00
 0.2790670  0.8612868 1.00
 0.7194066  0.0705220 0.00
 0.2039970  0.9857948 0.00
 0.9565904  0.6605155 0.00
 0.3326752  0.0927312 0.00
 0.1623141  0.2041339 0.00
 0.5558316  0.3737452 1.00
 0.7850084  0.5022561 1.00
 0.4227112  0.7794718 1.00
 0.0175085  0.9477463 1.00
 0.4385100  0.6585972 0.00
 0.2744856  0.0302923 1.00
 0.2210496  0.8754489 1.00
 0.9894918  0.5181567 0.00
 0.2553071  0.8898703 1.00
 0.3648250  0.7877080 1.00
 0.2190283  0.1088584 1.00
 0.3019799  0.7690448 0.00
 0.4104708  0.5700139 1.00
 0.9372401  0.4105886 1.00
 0.8943785  0.8083712 1.00
 0.6037883  0.9759319 1.00
 0.5842386  0.0887880 1.00
 0.1261243  0.9742895 1.00
 0.5603591  0.4142953 1.00
 0.9638275  0.5113584 0.00
 0.4491866  0.9398575 0.00
 0.3395517  0.3849138 1.00
 0.1701962  0.6442420 0.00
 0.6233992  0.7872685 0.00
 0.0147129  0.2059012 1.00
 0.6828795  0.5695377 1.00
 0.3931132  0.4547773 0.00
 0.6317067  0.6054835 1.00
 0.5531056  0.5593706 0.00
 0.7247785  0.5603708 1.00
 0.6734394  0.2817615 1.00
 0.5035608  0.8552501 1.00
 0.9266828  0.9241561 1.00
 0.6053338  0.8341867 0.00
 0.6597133  0.0413910 1.00
 0.6665830  0.5361315 1.00
 0.8776414  0.1021029 0.00
 0.3747590  0.6624403 0.00
 0.7253752  0.1930031 1.00
 0.5251178  0.8805000 0.00
 0.3409854  0.9417190 1.00
 0.4772511  0.1044460 0.00
 0.6371234  0.3054179 1.00
 0.2661678  0.8032881 1.00
 0.9738272  0.4171409 1.00
 0.9841916  0.4867414 1.00
 0.2869661  0.0615034 0.00
 0.3086026  0.6055211 1.00
 0.0006497  0.5422476 0.00
 0.7776305  0.7116348 1.00
 0.7910021  0.1013474 0.00
 0.5926545  0.7789148 1.00
 0.8294494  0.1903784 0.00
 0.4579349  0.5434754 0.00
 0.8342308  0.9618654 1.00
 0.1337011  0.0127060 0.00
 0.5081814  0.0135039 1.00
 0.6717640  0.3188930 1.00
 0.3032588  0.8008785 1.00
 0.4940215  0.2195851 1.00
 0.4129215  0.8860313 0.00
 0.8237583  0.6307392 0.00
 0.6771222  0.1369955 1.00
 0.9546153  0.5782893 1.00
 0.8618441  0.0401340 1.00
 0.5712449  0.8484994 1.00
 0.0896293  0.7329428 1.00
 0.3852438  0.7244714 0.00
 0.1764606  0.2288054 0.00
 0.0343208  0.0821794 0.00
 0.5335084  0.4594224 0.00
 0.9354145  0.1214868 1.00
 0.6496392  0.1208804 0.00
 0.4560970  0.4421200 0.00
 0.0547090  0.6805502 1.00
 0.9827033  0.9607902 1.00
 0.6574861  0.2231753 1.00
